9794
9823
9824
9861
9930
9931
9954
9955
9956
9957
9961
9962
9963
9964
9965
9966
9967
9968
9969
9980
9981
9982
9994
9997
9998
9999
10000
10013
10014
10015
10334
10452
10453
10459
10508
10509
10510
10511
10512
10513
10514
10515
10516
10520
10521
10522
10523
10524
10525
10526
10527
10529
10530
10531
10565
10566
10575
10576
10584
10598
10599
10600
10611
10612
10630
10631
10632
10633
10634
10635
10636
10637
10638
10639
10649
10650
10651
10652
10653
10654
10655
10656
10660
10661
10662
10663
10707
10713
10715
10718
10719
10720
10721
10724
10725
10726
10737
10739
10745
10757
10758
10759
10772
10773
10774
10793
10794
10795
10796
10797
10798
10813
10814
10815
10816
10817
10818
10819
10820
10831
10832
10833
10834
10835
10836
10837
10838
10841
10842
10843
10846
10847
10848
10849
10850
10851
10858
10859
10860
10873
10874
10892
10894
10895
10896
10897
10899
10900
10904
10905
10906
10907
10908
10909
10910
10911
10912
10913
10914
10915
10916
10917
10918
10919
10920
10921
10922
10923
10924
10925
10926
10927
10928
10942
10943
10944
10960
10961
10962
10963
10964
10965
10977
10978
10979
10980
10981
10982
10983
10984
10985
10986
10987
10988
10989
10990
10994
10995
10996
11018
11019
11030
11031
11032
11033
11034
11035
11041
11107
11108
11109
11110
11111
11119
11120
11121
11139
11140
11183
11184
11185
11186
11187
11193
11194
11199
11200
